[gd_scene load_steps=10 format=2]

[ext_resource path="res://Prefabs/Player.tscn" type="PackedScene" id=1]
[ext_resource path="res://Materials/tmp-platform.tres" type="Material" id=2]
[ext_resource path="res://Prefabs/tmp-platform-1.tscn" type="PackedScene" id=3]
[ext_resource path="res://Prefabs/tmp-platform-2.tscn" type="PackedScene" id=4]
[ext_resource path="res://Prefabs/JumpPad.tscn" type="PackedScene" id=5]
[ext_resource path="res://Prefabs/tmp-moving-platform.tscn" type="PackedScene" id=6]
[ext_resource path="res://C#/Camera/GlobalCamera.cs" type="Script" id=7]

[sub_resource type="ProceduralSky" id=1]

[sub_resource type="Environment" id=2]
background_mode = 2
background_sky = SubResource( 1 )
fog_enabled = true
glow_enabled = true
glow_intensity = 1.2
glow_bicubic_upscale = true
glow_high_quality = true

[node name="Map" type="Spatial"]

[node name="CSGBox" type="CSGBox" parent="."]
transform = Transform( 1, 0, 0, 0, 1, 0, 0, 0, 1, 0, -1, 0 )
use_in_baked_light = true
use_collision = true
width = 60.0
depth = 60.0
material = ExtResource( 2 )

[node name="CSGBox6" type="CSGBox" parent="."]
transform = Transform( 0.965926, -0.258819, 0, 0.258819, 0.965926, 0, 0, 0, 1, 10, 0.537672, 6 )
use_in_baked_light = true
use_collision = true
width = 12.0
depth = 4.0
material = ExtResource( 2 )

[node name="CSGBox7" type="CSGBox" parent="."]
transform = Transform( 0.866025, -0.5, 0, 0.5, 0.866025, 0, 0, 0, 1, 9.93787, 2.07115, 2 )
use_in_baked_light = true
use_collision = true
width = 20.0
depth = 4.0
material = ExtResource( 2 )

[node name="CSGBox12" type="CSGBox" parent="."]
transform = Transform( -3.78552e-08, 2.18557e-08, -1, 0.5, 0.866025, 0, 0.866025, -0.5, -4.37114e-08, 5.93787, 3.96798, 13.2854 )
use_in_baked_light = true
use_collision = true
width = 49.3957
depth = 4.0
material = ExtResource( 2 )

[node name="CSGBox8" type="CSGBox" parent="." groups=["slippery"]]
transform = Transform( 0.707107, -0.707107, 0, 0.707107, 0.707107, 0, 0, 0, 1, 13.2163, 3.3956, -5 )
use_in_baked_light = true
use_collision = true
width = 12.0
depth = 10.0
material = ExtResource( 2 )

[node name="CSGBox11" type="CSGBox" parent="." groups=["slippery"]]
transform = Transform( -3.09086e-08, 3.09086e-08, -1, 0.707107, 0.707107, 0, 0.707107, -0.707107, -4.37114e-08, -0.772897, 17.5817, 36.0485 )
use_in_baked_light = true
use_collision = true
width = 34.6578
depth = 10.0
material = ExtResource( 2 )

[node name="CSGBox10" type="CSGBox" parent="."]
transform = Transform( 0.258819, -0.965926, 0, 0.965926, 0.258819, 0, 0, 0, 1, 13.2163, 3.3956, -15 )
use_in_baked_light = true
use_collision = true
width = 12.0
depth = 10.0
material = ExtResource( 2 )

[node name="CSGBox9" type="CSGBox" parent="."]
transform = Transform( 0.707107, -0.707107, 0, 0.707107, 0.707107, 0, 0, 0, 1, -46.827, -18.6044, -9.45264 )
use_in_baked_light = true
use_collision = true
width = 50.0
depth = 10.0
material = ExtResource( 2 )

[node name="PlayerKinematicBody" parent="." instance=ExtResource( 1 )]
transform = Transform( 1, 0, 0, 0, 1, 0, 0, 0, 1, 0.00266838, 0.86153, 0.0237942 )

[node name="MovingPlatform" parent="." instance=ExtResource( 6 )]
transform = Transform( 1, 0, 0, 0, 1, 0, 0, 0, 1, -14, 6, 3 )
targetOffset = Vector3( 0, 0, 10 )

[node name="DirectionalLight" type="DirectionalLight" parent="."]
transform = Transform( -0.0319312, 0.942052, 0.333944, -0.771323, -0.235711, 0.591186, 0.635642, -0.238702, 0.734153, 0, 5.89199, 0 )
shadow_enabled = true

[node name="tmp-platform-1" parent="." instance=ExtResource( 3 )]
transform = Transform( 1, 0, 0, 0, 1, 0, 0, 0, 1, -2, 0, -14 )

[node name="tmp-platform-2" parent="." instance=ExtResource( 4 )]
transform = Transform( 1, 0, 0, 0, 1, 0, 0, 0, 1, -13, 2, -13 )

[node name="tmp-platform-3" parent="." instance=ExtResource( 4 )]
transform = Transform( 1, 0, 0, 0, 1, 0, 0, 0, 1, -14, 4, -3 )

[node name="JumpPad" parent="." instance=ExtResource( 5 )]
transform = Transform( 1, 0, 0, 0, 1, 0, 0, 0, 1, 0.608709, 0.0191116, 9.48614 )
targetNodePath = NodePath("../JumpPadTarget")

[node name="JumpPadTarget" type="Spatial" parent="."]
transform = Transform( 1, 0, 0, 0, 1, 0, 0, 0, 1, -14.261, 7.1, -3.175 )

[node name="JumpPad2" parent="." instance=ExtResource( 5 )]
transform = Transform( 1, 0, 0, 0, 1, 0, 0, 0, 1, -14.1339, 6, -2.96484 )
targetNodePath = NodePath("../JumpPadTarget2")
speed = 25.0

[node name="JumpPadTarget2" type="Spatial" parent="."]
transform = Transform( 1, 0, 0, 0, 1, 0, 0, 0, 1, -0.724221, 24.4626, 39.0033 )

[node name="Camera" type="Camera" parent="."]
transform = Transform( 0.73553, -0.177037, 0.653953, 0, 0.965254, 0.261312, -0.677492, -0.192203, 0.709973, 6.39475, 3.664, 6.5205 )
current = true
fov = 90.0
script = ExtResource( 7 )
smoothSpeed = 0.7

[node name="WorldEnvironment" type="WorldEnvironment" parent="Camera"]
environment = SubResource( 2 )
