[gd_scene load_steps=22 format=2]

[ext_resource path="res://Prefabs/Player.tscn" type="PackedScene" id=1]
[ext_resource path="res://Materials/tmp-platform.tres" type="Material" id=2]
[ext_resource path="res://Prefabs/Props/PropFenceChainLinkGate.tscn" type="PackedScene" id=3]
[ext_resource path="res://Prefabs/Props/PropFenceChainLinkSmallPart.tscn" type="PackedScene" id=4]
[ext_resource path="res://Prefabs/Props/PropInteriorLight.tscn" type="PackedScene" id=5]
[ext_resource path="res://Prefabs/Buildings/BuildingGuardTower.tscn" type="PackedScene" id=6]
[ext_resource path="res://C#/Camera/GlobalCamera.cs" type="Script" id=7]
[ext_resource path="res://C#/Weapons/TestBarrel.cs" type="Script" id=8]
[ext_resource path="res://Prefabs/Weapons/Bullet.tscn" type="PackedScene" id=9]
[ext_resource path="res://C#/PlayerInput.cs" type="Script" id=10]
[ext_resource path="res://Prefabs/Props/PropPallet.tscn" type="PackedScene" id=11]
[ext_resource path="res://Prefabs/Props/PropFoodBarrel.tscn" type="PackedScene" id=12]
[ext_resource path="res://Prefabs/Props/PropBeerKeg.tscn" type="PackedScene" id=13]
[ext_resource path="res://Prefabs/Props/PropFenceChainLinkLargePart.tscn" type="PackedScene" id=14]
[ext_resource path="res://Prefabs/Props/PropExteriorLight.tscn" type="PackedScene" id=15]
[ext_resource path="res://Prefabs/JumpPad.tscn" type="PackedScene" id=16]
[ext_resource path="res://Prefabs/Props/PropSpotLight.tscn" type="PackedScene" id=17]
[ext_resource path="res://Prefabs/Props/PropCamera.tscn" type="PackedScene" id=18]
[ext_resource path="res://Prefabs/Props/PropClock.tscn" type="PackedScene" id=19]

[sub_resource type="ProceduralSky" id=1]

[sub_resource type="Environment" id=2]
background_mode = 2
background_sky = SubResource( 1 )
fog_enabled = true
glow_enabled = true
glow_intensity = 1.0
glow_blend_mode = 0
glow_bicubic_upscale = true
glow_high_quality = true

[node name="Map" type="Spatial"]

[node name="CSGBox" type="CSGBox" parent="."]
transform = Transform( 1, 0, 0, 0, 1, 0, 0, 0, 1, 0, -1, 0 )
use_in_baked_light = true
use_collision = true
width = 60.0
depth = 60.0
material = ExtResource( 2 )

[node name="Camera" type="Camera" parent="."]
transform = Transform( 0.766734, 0.278441, -0.578437, 0, 0.901042, 0.433732, 0.641965, -0.332557, 0.69086, -9.33544, 8.13544, 7.97475 )
current = true
fov = 80.0
script = ExtResource( 7 )
smoothSpeed = 0.7

[node name="WorldEnvironment" type="WorldEnvironment" parent="Camera"]
environment = SubResource( 2 )

[node name="PlayerInput" type="Node" parent="Camera"]
script = ExtResource( 10 )

[node name="PlayerKinematicBody" parent="." instance=ExtResource( 1 )]
transform = Transform( 1, 0, 0, 0, 1, 0, 0, 0, 1, 0.00266838, 0.86153, 0.0237942 )

[node name="JumpPad" parent="." instance=ExtResource( 16 )]
transform = Transform( 1, 0, 0, 0, 1, 0, 0, 0, 1, 6.70387, -4.76837e-07, 2.01 )
targetNodePath = NodePath("../JumpPadTarget")
speed = 5.0

[node name="JumpPadTarget" type="Spatial" parent="."]
transform = Transform( 1, 0, 0, 0, 1, 0, 0, 0, 1, 2.24759, 1, -12.698 )

[node name="TestBarrel" type="Spatial" parent="."]
transform = Transform( -0.772856, 0, 0.634582, 0, 1, 0, -0.634582, 0, -0.772856, 6.00883, 1.28475, -14.2893 )
script = ExtResource( 8 )
bulletScene = ExtResource( 9 )

[node name="Props" type="Spatial" parent="."]

[node name="PropPallet" parent="Props" instance=ExtResource( 11 )]
transform = Transform( 1, 0, 0, 0, 1, 0, 0, 0, 1, -4.27173, 0.1, -4.64777 )

[node name="PropPallet2" parent="Props" instance=ExtResource( 11 )]
transform = Transform( 1, 0, 0, 0, 0.157641, -0.987496, 0, 0.987496, 0.157641, 7.73595, 1.02629, -5.69431 )

[node name="PropFoodBarrel" parent="Props" instance=ExtResource( 12 )]
transform = Transform( 0.719786, 0.000310148, 0.694196, 0.000169189, 1, -0.000622181, -0.694196, 0.000565281, 0.719786, 1.67012, 0.750978, -5.00253 )

[node name="PropFoodBarrel3" parent="Props" instance=ExtResource( 12 )]
transform = Transform( 0.782828, 0.622239, 2.71989e-08, 0, -4.37114e-08, 1, 0.622239, -0.782828, -3.42185e-08, 2.99152, 0.391894, -4.64751 )

[node name="PropBeerKeg" parent="Props" instance=ExtResource( 13 )]
transform = Transform( 1, 0, 0, 0, 1, 0, 0, 0, 1, 4.44551, 0.5, -5.25025 )

[node name="PropBeerKeg2" parent="Props" instance=ExtResource( 13 )]
transform = Transform( 0.413708, 0, 0.91041, 0, 1, 0, -0.91041, 0, 0.413708, -4.0266, 0.7, -5.10677 )

[node name="PropChainLinkFenceGate" parent="Props" instance=ExtResource( 3 )]
transform = Transform( 1, 0, 0, 0, 1, 0, 0, 0, 1, 0, 0, -6 )

[node name="PropChainLinkFenceLargePart" parent="Props" instance=ExtResource( 14 )]
transform = Transform( 1, 0, 0, 0, 1, 0, 0, 0, 1, 5, 0, -6 )

[node name="PropChainLinkFenceLargePart5" parent="Props" instance=ExtResource( 14 )]
transform = Transform( 1, 0, 0, 0, 1, 0, 0, 0, 1, -5, 0, -6 )

[node name="PropChainLinkFenceLargePart6" parent="Props" instance=ExtResource( 14 )]
transform = Transform( 1, 0, 0, 0, 1, 0, 0, 0, 1, -9, 0, -6 )

[node name="PropChainLinkFenceLargePart7" parent="Props" instance=ExtResource( 14 )]
transform = Transform( -4.37114e-08, 0, 1, 0, 1, 0, -1, 0, -4.37114e-08, -11, 0, -4 )

[node name="PropChainLinkFenceLargePart8" parent="Props" instance=ExtResource( 14 )]
transform = Transform( -4.37114e-08, 0, 1, 0, 1, 0, -1, 0, -4.37114e-08, -11, 0, 0 )

[node name="PropChainLinkFenceLargePart2" parent="Props" instance=ExtResource( 14 )]
transform = Transform( 1, 0, 0, 0, 1, 0, 0, 0, 1, 9, 0, -6 )

[node name="PropChainLinkFenceLargePart11" parent="Props" instance=ExtResource( 14 )]
transform = Transform( -1, 0, -1.50996e-07, 0, 1, 0, 1.50996e-07, 0, -1, 5, 0, 6 )

[node name="PropChainLinkFenceLargePart12" parent="Props" instance=ExtResource( 14 )]
transform = Transform( -1, 0, -1.50996e-07, 0, 1, 0, 1.50996e-07, 0, -1, -5, 0, 6 )

[node name="PropChainLinkFenceLargePart15" parent="Props" instance=ExtResource( 14 )]
transform = Transform( -1, 0, -1.50996e-07, 0, 1, 0, 1.50996e-07, 0, -1, -1, 0, 6 )

[node name="PropChainLinkFenceLargePart13" parent="Props" instance=ExtResource( 14 )]
transform = Transform( -1, 0, -1.50996e-07, 0, 1, 0, 1.50996e-07, 0, -1, -9, 0, 6 )

[node name="PropChainLinkFenceLargePart14" parent="Props" instance=ExtResource( 14 )]
transform = Transform( -1, 0, -1.50996e-07, 0, 1, 0, 1.50996e-07, 0, -1, 9, 0, 6 )

[node name="PropChainLinkFenceLargePart3" parent="Props" instance=ExtResource( 14 )]
transform = Transform( -4.37114e-08, 0, -1, 0, 1, 0, 1, 0, -4.37114e-08, 11, 0, -4 )

[node name="PropChainLinkFenceLargePart4" parent="Props" instance=ExtResource( 14 )]
transform = Transform( -4.37114e-08, 0, -1, 0, 1, 0, 1, 0, -4.37114e-08, 11, 0, 0 )

[node name="PropChainLinkFenceLargePart9" parent="Props" instance=ExtResource( 14 )]
transform = Transform( -4.37114e-08, 0, 1, 0, 1, 0, -1, 0, -4.37114e-08, -11, 0, 4 )

[node name="PropChainLinkFenceLargePart10" parent="Props" instance=ExtResource( 14 )]
transform = Transform( -4.37114e-08, 0, -1, 0, 1, 0, 1, 0, -4.37114e-08, 11, 0, 4 )

[node name="PropChainLinkFenceSmallPart" parent="Props" instance=ExtResource( 4 )]
transform = Transform( -1, 0, -1.50996e-07, 0, 1, 0, 1.50996e-07, 0, -1, 2, 0, 6 )

[node name="PropCamera" parent="Props" instance=ExtResource( 18 )]
transform = Transform( -4.37114e-08, 1, 0, -1, -4.37114e-08, 0, 0, 0, 1, -4.5, 4, -9.7 )

[node name="prop-camera" parent="Props/PropCamera/prop-camera-base" index="0"]
transform = Transform( 0.951304, -0.105457, 0.289653, -0.000691873, 0.938927, 0.344116, -0.308253, -0.327559, 0.893132, 0, 0.0374999, 0 )

[node name="PropClock" parent="Props" instance=ExtResource( 19 )]
transform = Transform( 1, 0, 0, 0, 1, 0, 0, 0, 1, -5, 3, -6 )

[node name="Lighting" type="Spatial" parent="."]

[node name="DirectionalLight" type="DirectionalLight" parent="Lighting"]
transform = Transform( -0.0319312, 0.942052, 0.333944, -0.771323, -0.235711, 0.591186, 0.635642, -0.238702, 0.734153, 0, 5.89199, 0 )
shadow_enabled = true

[node name="PropExteriorLight" parent="Lighting" instance=ExtResource( 15 )]
transform = Transform( 1, 0, 0, 0, 1, 0, 0, 0, 1, -3, 4.4, -6 )

[node name="PropInteriorLight" parent="Lighting" instance=ExtResource( 5 )]
transform = Transform( -4.37114e-08, 0, 1, 0, 1, 0, -1, 0, -4.37114e-08, -4.5, 3, -12.3 )

[node name="PropSpotLight" parent="Lighting" instance=ExtResource( 17 )]
transform = Transform( 0.9349, 0, -0.354911, 0, 1, 0, 0.354911, 0, 0.9349, -6.4892, 9.4, -9.65614 )

[node name="prop-spot-light" parent="Lighting/PropSpotLight/prop-spot-light-base" index="0"]
transform = Transform( 1, 0, 0, 0, 0.909787, -0.415074, 0, 0.415074, 0.909787, 0.00472116, 0.365895, 0.000462532 )

[node name="Buildings" type="Spatial" parent="."]

[node name="BuildingGuardTower" parent="Buildings" instance=ExtResource( 6 )]
transform = Transform( 1, 0, 0, 0, 1, 0, 0, 0, 1, -6, 0, -11 )

[editable path="Props/PropCamera"]
[editable path="Lighting/PropSpotLight"]
