[gd_scene load_steps=18 format=2]

[ext_resource path="res://Prefabs/Player.tscn" type="PackedScene" id=1]
[ext_resource path="res://Materials/tmp-platform.tres" type="Material" id=2]
[ext_resource path="res://Prefabs/PropFenceChainLinkGate.tscn" type="PackedScene" id=3]
[ext_resource path="res://Prefabs/PropFenceChainLinkSmallPart.tscn" type="PackedScene" id=4]
[ext_resource path="res://Prefabs/JumpPad.tscn" type="PackedScene" id=5]
[ext_resource path="res://Prefabs/PropFenceChainLinkLarge.tscn" type="PackedScene" id=6]
[ext_resource path="res://C#/Camera/GlobalCamera.cs" type="Script" id=7]
[ext_resource path="res://C#/Weapons/TestBarrel.cs" type="Script" id=8]
[ext_resource path="res://Prefabs/Bullet.tscn" type="PackedScene" id=9]
[ext_resource path="res://C#/PlayerInput.cs" type="Script" id=10]
[ext_resource path="res://Prefabs/PropPallet.tscn" type="PackedScene" id=11]
[ext_resource path="res://Prefabs/PropFoodBarrel.tscn" type="PackedScene" id=12]
[ext_resource path="res://Prefabs/PropBeerKeg.tscn" type="PackedScene" id=13]
[ext_resource path="res://Prefabs/PropFenceChainLinkLargePart.tscn" type="PackedScene" id=14]
[ext_resource path="res://Prefabs/PropFenceChainLinkSmall.tscn" type="PackedScene" id=15]

[sub_resource type="ProceduralSky" id=1]

[sub_resource type="Environment" id=2]
background_mode = 2
background_sky = SubResource( 1 )
fog_enabled = true
glow_enabled = true
glow_intensity = 1.2
glow_bicubic_upscale = true
glow_high_quality = true

[node name="Map" type="Spatial"]

[node name="CSGBox" type="CSGBox" parent="."]
transform = Transform( 1, 0, 0, 0, 1, 0, 0, 0, 1, 0, -1, 0 )
use_in_baked_light = true
use_collision = true
width = 60.0
depth = 60.0
material = ExtResource( 2 )

[node name="PlayerKinematicBody" parent="." instance=ExtResource( 1 )]
transform = Transform( 1, 0, 0, 0, 1, 0, 0, 0, 1, 0.00266838, 0.86153, 0.0237942 )

[node name="DirectionalLight" type="DirectionalLight" parent="."]
transform = Transform( -0.0319312, 0.942052, 0.333944, -0.771323, -0.235711, 0.591186, 0.635642, -0.238702, 0.734153, 0, 5.89199, 0 )
shadow_enabled = true

[node name="JumpPad" parent="." instance=ExtResource( 5 )]
transform = Transform( 1, 0, 0, 0, 1, 0, 0, 0, 1, 5.60871, 0.0191116, 1.48614 )
targetNodePath = NodePath("../JumpPadTarget")
speed = 5.0

[node name="JumpPadTarget" type="Spatial" parent="."]
transform = Transform( 1, 0, 0, 0, 1, 0, 0, 0, 1, 2.24759, 1, -12.698 )

[node name="Camera" type="Camera" parent="."]
transform = Transform( 0.990313, 0.00836622, -0.138601, 0, 0.998183, 0.0602524, 0.138853, -0.0596687, 0.988514, -1.25139, 1.34739, 13.0776 )
current = true
fov = 80.0
script = ExtResource( 7 )
smoothSpeed = 0.7

[node name="WorldEnvironment" type="WorldEnvironment" parent="Camera"]
environment = SubResource( 2 )

[node name="PlayerInput" type="Node" parent="Camera"]
script = ExtResource( 10 )

[node name="TestBarrel" type="Spatial" parent="."]
transform = Transform( -0.258819, 0, 0.965926, 0, 1, 0, -0.965926, 0, -0.258819, 4.51791, 1.14232, -7.10452 )
script = ExtResource( 8 )
bulletScene = ExtResource( 9 )

[node name="PropPallet" parent="." instance=ExtResource( 11 )]
transform = Transform( 1, 0, 0, 0, 1, 0, 0, 0, 1, -4.27173, 0.1, -4.64777 )

[node name="PropFoodBarrel" parent="." instance=ExtResource( 12 )]
transform = Transform( 0.719786, 0.000310148, 0.694196, 0.000169189, 1, -0.000622181, -0.694196, 0.000565281, 0.719786, 1.67012, 0.750978, -5.00253 )

[node name="PropFoodBarrel3" parent="." instance=ExtResource( 12 )]
transform = Transform( 0.782828, 0.622239, 2.71989e-08, 0, -4.37114e-08, 1, 0.622239, -0.782828, -3.42185e-08, 2.99152, 0.391894, -4.64751 )

[node name="PropBeerKeg" parent="." instance=ExtResource( 13 )]
transform = Transform( 1, 0, 0, 0, 1, 0, 0, 0, 1, 4.44551, 0.5, -5.25025 )

[node name="PropBeerKeg2" parent="." instance=ExtResource( 13 )]
transform = Transform( 0.413708, 0, 0.91041, 0, 1, 0, -0.91041, 0, 0.413708, -4.0266, 0.7, -5.10677 )

[node name="PropChainLinkFenceGate" parent="." instance=ExtResource( 3 )]
transform = Transform( 1, 0, 0, 0, 1, 0, 0, 0, 1, 0, 0, -6 )

[node name="PropChainLinkFenceLArgePart" parent="." instance=ExtResource( 6 )]
transform = Transform( -4.37114e-08, 0, 1, 0, 1, 0, -1, 0, -4.37114e-08, -5.5, 0, -4.4 )

[node name="PropChainLinkFenceLargePart" parent="." instance=ExtResource( 14 )]
transform = Transform( 1, 0, 0, 0, 1, 0, 0, 0, 1, -4, 0, -6 )

[node name="PropChainLinkFenceSmall" parent="." instance=ExtResource( 15 )]
transform = Transform( -4.37114e-08, 0, -1, 0, 1, 0, 1, 0, -4.37114e-08, 8.51333, -2.38419e-07, -5.00042 )

[node name="PropChainLinkFenceSmallPart" parent="." instance=ExtResource( 4 )]
transform = Transform( 1, 0, 0, 0, 1, 0, 0, 0, 1, 3.5, 0, -6 )

[node name="PropChainLinkFenceSmallPart2" parent="." instance=ExtResource( 4 )]
transform = Transform( 1, 0, 0, 0, 1, 0, 0, 0, 1, 5.5, 0, -6 )

[node name="PropChainLinkFenceSmallPart3" parent="." instance=ExtResource( 4 )]
transform = Transform( 1, 0, 0, 0, 1, 0, 0, 0, 1, 7.5, 0, -6 )
